3071 860 4312 1005 1116 2170 3096 2668 2254 42 3472 1404 4770 5841 2961 1170 200 182 6768 3132 1001 4420 6164 1537 5576 510 124 943 603 315 667 94 1562 4640 4554 2412 8742 3024 715 1680 1624 5329 945 190 2016 3404 686 696 765 3780 884 1092 1729 4800 5320 6351 1798 3500 2688 7371 55 100 7560 945 3024 280 3266 2262 143 5016 1704 1805 5002 720 1134 5695 2040 5696 2838 550 3741 272 4028 1092 4048 0 3 3825 2700 8019 576 3720 6460 544 1911 828 442 1720 0 1092
3515 700 1904 5226 804 62 3492 58 782 184 2912 2912 53 7920 4042 1845 325 623 4136 1653 3640 1885 2852 901 6596 1207 162 3075 81 243 1541 2632 6887 4240 5676 2340 564 4482 1235 960 1568 5183 1440 290 72 1748 490 1972 408 810 2720 2058 1824 1380 1710 3915 1334 2550 588 5005 869 352 5760 980 3444 2800 6603 0 374 5632 1704 266 5307 896 3483 7735 1620 5785 3894 396 1376 1734 1961 392 3450 0 74 1575 2900 7695 522 2294 2975 744 882 1932 731 220 0 812
2812 40 2408 4221 156 2356 216 1160 184 36 1568 4576 3657 1683 799 4320 120 301 6580 7221 8190 6435 6624 1325 2992 1530 10 1599 486 774 1587 3854 2982 5120 6402 252 5170 216 3120 440 1232 2044 4455 430 1104 6256 280 638 561 540 340 42 1159 1800 7410 435 580 1800 1232 2366 242 260 720 560 6888 3248 1704 2886 682 2112 0 684 3172 1584 6399 4250 4080 6319 4818 341 3483 1020 1749 1316 2760 0 99 6075 4950 7776 1062 4526 1105 544 4410 6555 442 1320 0 1120
3330 840 4256 2814 432 434 1620 1624 3634 36 4872 624 2544 7128 2773 405 180 70 3948 7569 546 65 1196 3816 1428 935 38 4059 189 36 897 517 2840 5360 330 1008 2538 2700 5460 2320 1120 1752 990 690 2304 7452 210 2436 4692 3888 4896 2100 475 5100 2090 8613 1160 2100 2744 1183 1078 360 2160 3150 756 4536 1349 2808 352 4840 6674 76 4819 1104 5913 6460 3000 4895 3960 462 3397 2856 4929 70 966 0 4 975 3050 4374 468 3658 3740 16 98 414 1428 420 0 1904
1036 890 4032 536 696 6076 1296 232 2438 96 168 1716 1749 4752 4230 2430 335 322 6392 2523 0 2990 8096 5141 3332 1530 6 1353 567 873 1219 4324 6106 2000 3432 3456 7050 4752 3705 1160 2016 4380 630 210 1440 368 196 783 2550 2592 3808 84 1786 5820 9405 3741 1131 100 784 273 0 324 4230 1330 4956 2856 2485 2652 429 8096 1065 513 244 464 3969 5440 5100 2581 2838 385 3311 0 2014 994 2254 0 67 6600 4600 7695 774 2728 2465 720 4018 2760 697 1380 0 896
2257 420 3360 1139 276 3782 2916 261 4140 50 5376 3484 4081 3366 4230 1170 120 399 1316 5916 455 3770 1104 4558 0 782 52 3854 144 468 1794 1363 3266 7200 3102 2520 4794 4320 2015 3720 3192 1971 540 860 336 5060 84 2610 612 4266 680 2898 1691 4440 5225 3567 580 1650 2436 8008 418 264 6300 2940 4704 952 426 4680 539 3256 355 1121 1037 288 3645 7055 4380 5162 4818 407 3827 2822 371 1092 2622 0 71 2175 0 4779 324 2356 2125 704 3626 2277 969 1620 0 1624
2590 990 952 2613 828 3906 792 2726 3358 94 1736 3224 4346 8910 4324 4095 285 105 1974 4959 6734 5915 4324 2703 2108 357 74 1640 486 270 2254 1175 5751 1280 1056 72 2914 2106 6240 160 2128 5840 810 210 1680 5704 84 2291 3927 4590 2448 168 1444 4980 665 5133 1653 2200 2772 1001 297 200 3240 2100 1512 280 4473 3822 484 968 355 646 5551 1200 4455 1190 5340 6052 6138 198 215 2788 1166 1148 782 0 93 5550 1300 7533 1548 3286 3655 592 686 897 1343 1540 0 2100
3256 190 560 2144 1128 1054 1656 1015 1702 182 2968 2236 3869 2772 1175 4095 50 126 1598 3132 5733 3575 8280 3074 2040 68 142 2501 297 765 2047 3431 284 4080 330 1800 6392 162 5525 240 5320 2847 2205 200 1608 2392 441 2233 4896 4374 4420 2520 684 3300 6650 1566 319 2100 896 8736 869 84 6300 2940 6048 1512 2414 3120 913 6336 6958 570 3843 752 4050 2550 4380 1246 3894 242 2021 816 4346 490 1472 0 54 3225 4900 6966 720 4836 5015 496 3038 5727 697 960 0 672
2664 220 3024 2345 252 3534 2340 1363 3266 152 3864 936 53 297 2491 1485 35 413 2632 522 8827 1300 7728 424 2312 1666 182 3116 882 135 1196 3337 6319 4720 396 360 1504 1296 585 1560 0 5694 405 530 1944 1288 266 2581 1326 3618 3196 966 1653 1860 3040 1914 2349 3750 1400 7189 990 216 4500 1085 1092 3192 6674 6318 891 264 1420 627 5002 1296 7047 1275 5760 2225 264 242 3956 1734 5141 448 1564 0 6 1125 2850 648 1710 6138 5270 776 4067 5244 918 1540 0 2436
1184 820 1176 4422 756 3720 2952 319 3910 172 4760 1560 4770 8217 658 3420 80 140 8648 2175 2548 2535 2300 4770 2448 1020 36 1763 333 252 1886 987 710 4400 5808 900 1410 3780 2405 2120 448 1606 3735 500 1368 8924 189 754 3519 3834 3468 2058 190 1680 3705 8526 2552 500 2604 7007 990 304 8910 1820 2604 4872 5467 7722 627 5808 3692 323 2501 560 5508 8330 5040 8455 5016 55 2838 952 2862 392 368 0 78 7275 2750 5832 1332 2790 0 200 4753 5727 204 540 0 588
3441 340 2184 2278 252 3658 3060 1653 2484 122 3472 3744 2173 1584 2444 2250 310 574 9306 1479 4914 4745 1380 318 3468 1088 180 2583 819 648 851 1739 4189 2240 4686 2880 8178 3024 5850 1640 3920 3796 2925 110 1656 1564 427 2407 2601 648 0 252 722 4020 6080 7743 928 2700 112 6825 869 164 1080 1330 5796 2016 4970 4368 484 5280 3479 266 3965 224 2106 7310 4980 3471 4554 385 2236 714 4929 1260 4094 0 31 5475 3200 2835 864 5890 6545 104 1617 6762 833 1100 0 2604
2516 560 3360 2211 276 5332 2556 1682 3542 80 2520 4212 3233 8910 1081 2250 0 378 7050 5568 3822 1560 5428 1007 6052 748 138 1558 459 684 1909 893 2343 3440 264 2016 7614 4050 4290 440 3752 876 4140 290 48 6256 217 58 3774 378 1224 672 1577 4620 8265 6264 2117 2850 1736 2275 363 388 8640 630 3444 2968 1846 5772 880 8184 6035 912 305 480 2349 5015 5880 5340 4092 264 817 2720 2173 28 460 0 26 6225 4450 3240 144 1426 3230 456 4557 2139 170 400 0 2520
481 910 2128 4690 252 4154 1044 2059 3680 86 5320 5148 1272 8712 2538 3870 345 224 6486 870 6643 1950 3036 3339 5916 1343 188 2009 891 459 897 3008 2982 2400 5676 540 4606 810 5590 3240 616 2482 1485 870 528 8004 511 1247 969 2268 3672 1848 456 2340 5605 5481 522 2650 336 6279 55 16 2970 3465 2856 1064 1065 2730 957 4664 4899 950 5307 32 2997 5270 5340 890 330 660 172 374 3021 406 138 0 92 1575 1100 405 774 4898 5185 224 3822 3243 0 900 0 2436
3663 510 4984 5762 636 1612 1728 2726 1656 12 392 4784 901 6336 987 900 400 462 8836 4698 2093 2405 3036 4452 1156 204 62 697 81 585 1288 376 4899 3600 6270 792 6674 5130 4485 2360 56 5548 2340 710 960 2300 301 2088 4641 4806 1836 2772 1482 720 4750 8352 696 1650 364 7826 1089 280 8460 2380 1260 2296 2982 3042 407 5544 6958 1710 2379 32 1053 2635 1680 5073 264 781 1978 2822 2014 350 4370 0 21 5400 1300 2754 1044 1550 4760 416 2205 4968 782 780 0 2324
111 610 1400 2814 192 2418 2664 1276 4416 60 3752 4888 689 5643 893 2700 250 644 3008 6612 7189 5850 4876 1855 6460 1666 14 1681 333 630 1748 1880 5964 80 5478 0 8648 486 6240 1600 2184 4599 1575 40 1752 552 448 667 2601 2646 3468 1260 741 240 6175 7482 58 1250 2212 8281 517 28 7560 1085 5124 1064 2201 4134 308 2376 6674 361 2623 1296 1863 5780 5220 3471 2838 418 3784 3196 1060 1120 4508 0 18 3900 3150 7938 1710 620 425 632 2058 4554 1666 500 0 2184
1961 660 5432 3216 564 4464 576 2494 552 118 4312 0 2809 9603 1504 135 175 357 658 8526 4459 3510 5612 318 2312 51 50 3444 252 873 1449 1551 1065 4800 5346 504 7990 5238 0 3880 448 2117 2205 130 1896 3128 112 406 4335 4050 4420 3612 570 1560 8740 1392 841 3450 1456 819 726 60 8550 1155 2352 4256 3337 1014 286 0 4402 1634 1769 1008 0 680 5820 1424 4950 902 1892 1360 1060 364 828 0 94 7425 1700 3726 144 3286 5270 24 4214 2898 544 680 0 280
1258 690 5376 1005 1008 5952 864 2378 2990 102 896 3172 2279 3663 4089 2745 10 567 5640 7656 7189 1300 3772 4929 1632 476 70 328 558 378 1610 4512 4473 5280 726 0 1410 4698 2210 1280 5040 3650 4185 330 936 7360 658 2697 663 2916 5576 1848 1425 1380 3610 4437 1479 3650 308 5915 748 324 1170 2905 8316 4312 2485 1092 704 6072 3266 133 4392 1456 3240 935 1380 7743 3762 396 3999 1326 4293 280 644 0 71 1350 4800 2754 1494 3968 5695 776 0 4623 1258 700 0 2520
2109 320 2744 1943 276 5580 3312 1363 1334 98 1960 1144 2120 6732 2021 2475 195 462 2350 3132 4823 3900 4784 1060 3876 68 174 3403 360 189 598 4559 355 2160 5148 1008 6486 3780 1755 3920 1120 4599 945 600 1992 1472 469 667 4182 4968 748 1470 1007 3780 760 5394 1972 4750 2744 5460 748 304 810 2555 252 4872 3834 5694 627 7128 1633 551 5856 704 3402 6800 720 801 3630 517 2322 2244 1802 826 3726 0 73 75 1900 5751 234 3596 8415 176 4116 3795 1037 1800 0 1988
851 30 0 1340 0 2604 1872 348 184 14 3304 3016 1325 9306 799 2610 180 630 5640 2262 1274 4745 3404 3445 3264 357 40 369 567 0 736 4042 284 2640 3828 2016 2538 540 4420 1240 3864 2044 1845 460 1776 5336 35 290 51 3510 6052 2814 1710 1560 3040 3306 2871 250 0 5642 627 128 4320 2135 1428 392 4899 7566 759 3344 1988 741 1098 1120 6885 7820 4800 3738 3564 363 301 1462 0 700 966 0 88 1500 4500 3240 612 2914 2125 664 2989 6486 714 600 0 1764
740 200 3024 2546 504 5704 1080 638 1564 170 448 4888 4240 792 2068 90 225 588 2068 7569 2275 3705 3220 106 6256 816 192 3526 270 360 1127 2397 852 4480 5874 1944 4512 3888 1820 3280 3192 6424 3420 370 2328 1840 273 2726 255 756 5576 3444 437 4140 3420 1305 493 4200 1484 9009 264 216 4500 1260 840 5152 2982 4524 704 2024 2911 399 671 1104 810 5100 5400 178 3630 517 688 3026 4293 546 2668 0 6 5625 50 891 1332 4836 5525 616 3234 5244 1173 1220 0 924
1332 270 336 6633 1164 992 2160 1131 3220 134 4816 4472 424 6633 3619 2970 180 245 8742 3219 4186 1235 6164 636 6528 578 80 697 855 666 1150 1457 142 640 1980 1836 2350 2268 5850 1880 3416 5548 1530 690 2280 5796 245 899 2601 4320 1360 4074 0 5280 5795 8352 2146 50 392 6279 308 64 4680 2870 2100 4592 2343 156 847 2024 3479 1710 3111 560 4860 3910 5940 4183 1914 22 1204 1666 5247 392 4094 0 76 4725 3300 7290 1512 5828 5015 288 3724 5796 1207 180 0 0
3108 390 5040 2345 900 3100 2916 754 2300 124 1568 4056 3392 7821 2726 2385 220 238 6486 957 7007 325 5244 1908 2856 578 144 2665 855 90 1495 1504 3479 560 4422 2736 5452 54 130 2400 3528 5986 1710 270 336 8832 231 1682 1530 2916 4692 294 1121 1620 9025 87 377 3350 504 5460 319 140 8280 1085 3612 672 497 4134 143 5456 923 532 5856 816 4536 850 5940 3649 4554 891 4085 3060 4717 756 3174 0 8 6150 200 2106 1710 2046 1190 696 3136 3933 867 480 0 1792
1406 230 5208 2278 312 62 1620 725 4324 132 336 4628 2968 4653 4465 1170 420 21 5640 3480 7462 3575 6716 2544 6460 1530 10 1886 594 603 1449 188 6390 640 5940 2448 5734 1890 6045 2200 56 3723 1980 100 1224 8372 616 1015 2397 2592 5100 3402 1064 0 2755 4437 1218 1700 1372 5460 11 256 5760 1505 6048 3080 781 2574 462 4928 2840 1824 3599 576 4698 850 1680 4094 6402 825 4042 816 2968 700 1150 0 53 1425 3550 4455 1440 1488 1615 768 3283 3036 51 600 0 1288
3182 700 5264 3015 696 3224 288 2494 4508 10 728 2288 1590 2079 2209 315 290 0 7332 2523 637 3770 4876 4187 476 1224 150 410 18 36 184 1880 1846 160 5676 3060 564 2484 1495 160 2856 2701 45 330 240 4416 644 2001 0 3834 3400 336 1539 3360 8265 7656 812 3100 1428 7553 198 236 2070 1575 1176 3416 5822 5616 77 5016 2059 209 5734 480 3564 4845 4680 3293 1716 858 2580 952 4558 574 3864 0 82 4875 1950 2673 864 3596 3740 184 2695 690 1445 1780 0 1232
1702 120 3080 6231 504 0 1800 580 4094 56 2800 2548 2968 3663 1974 1845 70 168 5452 4698 819 3770 5888 2862 5508 323 32 738 540 891 1449 282 4473 1440 6534 180 6580 54 5005 440 1624 2044 540 860 408 5060 553 2407 4029 4806 2516 3738 893 3180 9025 6960 696 550 2772 7644 121 56 3870 910 7056 2352 2272 546 1056 5368 1278 475 2501 496 5103 850 5160 8366 6204 187 1505 2822 3074 1148 1702 0 15 975 850 1134 1764 4960 6800 328 294 4416 595 760 0 868
1924 420 504 3015 300 1488 2016 1827 3266 4 4480 312 4505 9009 4183 3330 220 392 8272 5307 6370 2470 3772 106 5372 816 36 2706 342 378 1150 1974 5964 4720 5808 2196 3290 5184 1560 240 5488 4088 585 350 1128 4968 434 1276 510 108 3876 1344 760 3060 8170 6177 2871 200 2492 8099 506 156 7560 2870 4200 4032 3053 6708 748 1672 6532 342 4636 912 4293 6375 3780 1335 1254 275 2967 2618 477 126 3680 0 32 2325 0 1782 360 2852 1105 448 1421 4416 476 480 0 1344
1628 940 1008 4824 48 4464 1692 1943 1794 38 5208 468 2544 5346 3290 1260 250 385 5546 4350 2639 2015 4416 2226 5984 1309 12 2788 486 72 1587 4606 213 6960 4620 252 1034 3726 1690 120 2240 5183 2880 880 624 7912 112 2204 2091 1458 5304 924 1121 1560 6175 8613 116 1150 1876 5278 352 352 720 3045 6384 1680 6674 3042 561 6336 2982 1748 2684 96 6480 1870 5580 4361 6468 946 1204 2584 477 1218 92 0 38 4350 2450 4698 1224 5022 3910 224 980 5106 986 280 0 1736
1443 560 3024 2345 180 2108 2052 1740 1610 14 2576 3328 4399 5445 141 1665 165 294 4512 7221 0 4420 1472 2438 3332 629 42 2419 27 783 483 1974 3053 6000 5082 360 5828 4644 4550 3880 5208 1241 2745 280 576 1564 462 1682 3009 3564 6324 2478 1634 540 5415 3045 1334 1500 2660 182 187 64 8640 455 7728 4144 1633 468 660 8272 213 114 3843 272 2754 3315 2040 4628 3234 1023 774 1428 212 70 184 0 92 150 2200 7047 72 3782 4760 8 1274 3312 459 1000 0 1092
3552 90 2520 737 312 4960 72 348 1472 104 3192 156 2438 6039 2820 2250 135 364 4982 6177 3640 3705 7728 2544 680 187 96 1517 117 486 1771 2867 4473 5920 1584 1512 5076 1404 3510 1560 4368 4672 1890 250 1848 184 189 116 2754 4320 5100 1932 1710 3600 8930 0 667 2100 2520 8008 1056 76 4410 420 7812 1400 3834 3744 561 5280 6177 1558 1464 464 4779 170 4980 7654 396 407 2881 1156 1908 126 2116 0 9 5175 1250 4131 1026 4526 5950 464 4165 4416 1411 780 0 2408
1924 30 3808 5092 384 1674 1080 1943 3036 74 224 1716 3763 9108 4418 765 375 385 3572 0 637 3055 6716 4081 3876 1003 186 3772 450 513 1794 94 4260 3760 2046 1584 2444 3294 715 3680 5488 4964 3465 210 1440 6532 630 2523 4029 4320 5916 3612 1501 780 5985 3132 696 450 784 6734 726 236 2610 945 4872 3360 5041 6552 803 3080 2059 456 183 928 3645 1275 4920 7832 198 671 2924 1428 2491 0 2530 0 36 2325 3550 1377 1044 2356 6460 696 833 2346 1683 800 0 2016
999 510 5376 5494 120 5828 3528 2668 3772 106 2968 104 2491 5148 2538 2475 70 637 8084 3306 5460 2860 2576 4664 5644 765 44 1394 333 396 161 3055 6816 4400 3102 216 4606 5238 3250 3320 112 219 1710 500 1320 8464 35 609 1785 4914 748 3990 1672 2340 7885 2001 1044 2850 1624 2366 22 260 8190 1750 1680 5040 568 1716 968 5104 4047 1710 3721 1520 3240 5780 2400 8633 2706 825 1763 1802 1219 406 2024 0 52 2475 800 810 1062 4340 2295 400 3528 0 680 1600 0 2240
1406 310 3976 6633 948 3906 684 551 2806 24 2576 2808 901 6831 3901 2790 140 609 8930 8352 4550 3510 6072 1537 3808 646 58 3936 162 495 667 376 6177 0 462 648 1410 4212 2405 1120 5040 2555 3690 80 120 1564 154 2465 2907 3726 5508 294 437 5940 3420 6873 2581 900 756 637 803 224 1350 420 672 4144 2130 5928 44 1672 3976 874 3355 624 486 1020 480 2492 6402 715 4171 1020 3816 1008 1334 0 3 1350 1550 6723 1386 3472 7735 352 3381 3588 1190 1020 0 728
851 840 4032 2010 900 4898 3384 2436 2714 182 2744 468 3869 7326 3807 90 175 259 6768 5742 1820 65 6808 583 3060 731 30 2747 423 387 2139 1034 5680 1360 264 252 9024 5292 5915 320 4984 6789 765 620 1608 4600 112 1566 4437 2160 4896 2478 779 2760 2185 3306 1218 1900 140 8099 902 200 5670 490 5628 3752 1491 1248 715 5720 1704 114 3538 656 1620 2125 5460 7832 5214 341 1204 1734 4770 966 4462 0 59 6825 2600 1296 576 5332 5610 760 0 5865 238 1460 0 2212
1406 770 2072 6432 216 3534 2628 1798 2070 8 5208 1300 371 3465 2162 225 245 35 4512 4611 6643 5265 3588 2067 5168 1547 154 3731 576 270 506 2585 568 4800 3366 936 6486 4158 2600 600 4536 2409 4140 890 1656 3588 322 2030 4896 5076 1564 2940 1425 840 5795 348 145 1900 2660 1911 759 276 6840 2695 2436 4480 3905 7722 627 8448 4686 722 4941 928 6399 170 2940 2225 1584 506 3096 1598 848 658 2806 0 51 1350 800 7938 720 2294 5780 128 3234 3381 1632 420 0 140
2553 660 5376 3417 924 4650 180 754 2438 60 4032 1300 1537 8712 3384 1935 90 532 5734 7482 2366 65 2116 4982 4760 1513 192 738 558 864 552 1504 4473 1600 2310 1440 4418 4968 1170 0 1232 3139 1125 40 1992 4600 329 29 3978 432 5916 168 1178 3720 4845 2784 1479 2350 56 6006 473 104 4500 2030 8232 2072 3550 7644 319 6072 6958 76 732 1216 648 3995 4680 4895 3234 88 2709 1224 3392 1078 2346 0 9 4050 700 972 360 620 7650 560 3332 2829 119 1420 0 2492
1480 890 5208 268 204 3286 1836 1363 368 104 3080 1196 2173 7128 47 4140 195 434 4324 4698 2366 1235 1472 3657 6052 1428 20 2009 495 9 2070 2209 2982 6640 198 432 8272 378 715 3840 616 1387 3195 520 2184 2208 672 870 4437 2322 2448 2730 1178 3120 3230 261 2581 4800 112 8736 1067 376 8640 3220 2436 5544 3976 1326 638 5896 4615 418 5246 592 5994 6545 3660 6319 528 0 2838 3264 3498 1120 2254 0 35 2850 4850 3240 612 2852 7310 240 4410 1104 1394 920 0 2576
518 510 784 3484 480 2542 1080 1537 2944 180 3024 1560 4558 7128 2914 3915 360 679 2350 1827 8099 3900 1840 4028 2856 170 184 984 81 261 1587 3525 5680 6640 1782 720 2256 486 4810 3520 5544 5840 3150 380 1248 2944 175 2204 4182 2754 6664 2982 1197 4200 4465 4959 928 4550 952 3731 231 12 1440 1855 3192 5376 1846 4914 55 4576 213 1083 1952 416 7695 3060 3480 1780 792 1012 989 2108 3392 532 1472 0 48 4875 350 6642 1044 1736 3145 216 1617 5175 391 1180 0 784
407 460 4760 6365 864 1984 1116 2378 230 192 4200 1456 3074 3861 893 1935 270 469 5640 5307 91 4550 3772 2014 6596 1275 26 820 774 504 23 4606 142 3040 2970 2664 2162 1566 3640 1120 1400 2263 360 350 528 7268 210 2233 2346 4860 6120 1974 247 1920 3515 870 203 2550 2324 8463 77 144 3870 315 2184 4984 2485 3822 198 8008 5467 1805 1403 608 2430 8245 1020 1157 4884 176 2365 2210 795 952 2254 0 79 4200 2800 1134 18 930 4250 776 3724 5244 646 220 0 224
74 550 168 5159 1116 5270 2700 319 4508 2 1512 312 954 4158 3478 3015 235 371 2162 261 6097 5005 1656 3657 1768 1598 92 2624 45 216 1656 2820 5609 2160 2442 900 6016 3456 2340 600 3696 1095 945 840 216 8740 364 1653 51 1458 4080 840 1064 1860 8550 7134 725 4400 1288 7553 132 280 3870 3185 4116 1792 1136 5148 1067 352 5751 1197 4331 864 8019 6885 60 4539 5940 22 1333 68 3975 1218 1518 0 70 825 250 5508 828 1054 7735 712 2940 6348 1241 580 0 1960
1221 910 4760 3819 1164 2294 3240 2871 4048 160 2968 3692 1802 2772 2773 900 225 567 7802 4350 91 1885 1748 4876 4760 1360 74 1763 81 423 1518 4418 2769 240 198 3168 3760 5022 5655 3240 1400 2993 2340 120 504 5796 224 1943 2244 810 4692 1932 836 5340 8550 1218 609 1350 252 2730 825 300 6840 2310 2604 4480 3834 5538 275 3696 284 57 2135 912 1215 4760 4320 4183 4950 187 602 1530 3339 812 3956 0 24 525 4050 2673 1602 496 5185 136 3626 6348 833 560 0 2100
814 720 1680 3819 972 2790 2376 1537 4232 82 3920 3016 2014 8415 752 1080 195 644 7802 6264 7007 4680 2944 2014 2856 102 164 3731 774 450 414 423 1562 3840 1188 1980 4230 4536 520 3560 4368 5767 2115 160 1536 1380 651 1595 357 4104 5372 3570 19 660 7125 8265 2001 500 2408 5096 132 228 1530 3010 4788 1960 2911 234 792 4312 6532 950 4880 640 1458 8245 3300 979 264 165 1720 2856 0 1302 2162 0 88 1275 1850 5994 1314 62 7055 720 4263 2829 1309 560 0 28
1110 880 168 670 960 1364 2124 1044 3910 128 168 4004 0 5445 3290 2115 410 406 6016 6264 7735 2405 6716 3604 5372 1037 122 369 801 513 230 893 3266 5280 5412 2808 8272 2214 4290 1000 3192 5037 135 570 576 2300 35 203 4284 3726 2108 2898 1121 240 8455 7830 1885 2550 1428 637 88 248 7020 210 2352 3360 6035 5304 594 4488 3195 209 1281 0 5589 3825 1560 2314 264 682 4085 1190 1643 84 1840 0 49 4275 1150 0 288 1984 1190 760 4410 2898 119 1500 0 364
2923 600 4312 0 720 2852 3492 1102 1104 108 0 3692 4717 3069 3666 3645 20 553 8554 2349 7189 455 1012 4982 3672 34 176 574 261 27 1817 376 4473 4480 3960 2700 5076 540 910 3120 3584 1022 2250 530 2352 7360 609 1566 3009 4212 2244 1596 703 2700 7980 3828 2871 3650 1624 2548 308 148 8010 3185 3864 2744 1278 0 649 2816 5609 437 6039 464 2349 8245 540 1424 198 220 1978 1224 3074 1162 1518 0 27 2400 1000 2997 234 2976 2295 16 4459 5037 51 180 0 1764
1554 40 2128 6231 1020 1178 1512 1334 4002 90 3696 1716 4293 7623 3243 675 360 336 9306 8004 3458 780 3680 3445 952 527 180 2870 828 135 759 4042 5112 1840 5214 2052 8930 1134 260 3280 1008 1606 3060 520 2376 8188 133 2059 4539 972 1020 1134 1577 3300 4180 4263 1102 1700 532 7553 22 16 6210 2590 2352 2744 5893 1794 242 3432 4047 1767 3782 400 3645 1105 3960 5696 2442 616 1462 1768 4399 238 2760 0 67 3750 3300 6966 594 4216 7735 24 4606 4899 68 1560 0 2184
629 550 3976 5293 396 4216 3348 2871 3864 164 3080 988 1802 9009 4136 4230 355 49 9118 7743 8554 1950 5336 1961 5780 68 120 3649 738 522 460 0 923 7280 2046 1656 1128 4104 2990 3840 3248 3869 3015 450 1056 5152 637 1943 3213 4752 612 378 361 1140 9310 4872 667 2900 2744 546 176 72 5220 2870 5124 2296 1988 5694 198 2288 4970 532 4880 592 5913 6460 2700 5785 6336 99 2279 170 3710 336 1104 0 33 3525 1350 2511 90 5952 4165 504 3822 690 969 1160 0 2100
3145 580 168 4355 564 1798 1476 2697 4324 74 3024 5148 4982 2376 3572 810 225 63 1692 2175 8372 1495 1932 2173 2652 867 6 3936 81 819 529 4418 3479 6240 726 3492 5546 2862 5850 2120 2352 7008 225 890 1728 3036 49 522 4794 4158 2924 3612 1007 960 7505 8004 1943 4100 1120 2548 814 60 2070 2625 3780 1904 5112 390 429 1232 710 646 610 240 1863 2975 0 7298 3498 1034 2580 3264 1696 182 552 0 57 2325 4700 3969 1062 1240 1360 272 4655 4209 357 400 0 336
3182 770 2576 3283 528 1302 3024 1305 2576 74 5096 832 4505 2376 3807 2205 435 630 7520 7047 8281 5915 4876 371 1768 17 136 1927 657 783 253 2773 4544 800 528 2160 2914 2376 3705 3480 1848 3577 2475 180 600 8096 469 348 3978 5346 3128 2898 1729 3060 2660 6003 116 4850 1904 7007 924 316 8010 0 7476 2744 4260 5694 1034 1584 852 513 1159 320 3726 8160 480 5785 3960 429 731 204 3180 112 460 0 29 1050 1900 7857 1656 4588 2380 648 3626 1242 510 1720 0 2128
2072 550 224 1809 324 124 2700 1044 874 72 1512 1872 4982 8613 2068 180 380 511 1786 5742 2002 4095 3680 2703 6528 1122 42 3198 45 576 1265 2867 5041 880 2706 3564 1222 864 5655 1280 224 1022 945 990 24 5980 385 870 4641 1404 6528 2730 1691 2220 1520 3219 87 4450 448 728 55 92 1980 2695 7224 840 1988 3978 913 1320 5893 1672 1769 896 3159 6970 1320 8366 792 715 903 306 4346 868 2116 0 0 75 2000 5508 1116 2852 3655 288 3675 2001 51 60 0 2408
666 150 1456 6633 864 4030 2916 1334 2760 188 3528 4212 2915 4455 2021 2385 480 665 5076 7743 5733 4420 3220 3074 3808 170 174 2419 585 603 1058 3901 5893 5760 2244 252 3572 810 3445 2000 504 1168 3735 640 1464 7176 483 290 3774 1296 6732 3738 836 2040 4560 87 2784 1750 1680 5551 605 232 8640 3150 2604 1680 6887 1638 1067 4400 1633 1121 1098 96 6075 2635 5040 4005 2706 110 2967 1360 0 910 1196 0 66 5550 1750 2187 1566 2604 3145 664 1568 4692 1105 580 0 1764
1147 640 1232 3283 840 3038 2916 203 4324 44 952 780 795 1683 3807 4185 85 329 6392 435 2366 3575 4324 3392 6188 544 168 2296 549 702 1633 2115 2982 3600 6204 2340 8930 1458 4680 3560 112 6497 225 170 1416 7912 70 812 4335 1620 5780 2688 1634 5100 7600 6699 493 3200 2380 2730 462 36 6750 1295 4536 1232 142 78 539 2288 6461 969 4087 768 1620 2210 5160 7387 462 781 559 3128 4611 714 1334 0 80 3450 1600 5346 1386 1612 2295 32 3087 5589 442 340 0 784
1591 780 1736 737 312 248 3204 348 4002 192 1960 2704 2173 7425 188 3150 210 588 1598 6438 182 2990 4876 1537 3400 272 126 1189 774 882 1311 1363 5396 7040 2640 1944 8648 1620 1170 1240 4368 365 3780 190 1920 3680 294 667 3876 3186 3332 1302 1083 120 5700 5133 2059 3750 2464 5187 803 180 3420 35 7224 1736 3905 2340 143 6424 4402 1729 4819 1568 5103 5015 5400 445 5412 726 688 2856 5141 1022 3956 0 84 675 4250 5913 324 682 5950 456 588 552 1496 1360 0 28
3441 530 2464 1608 612 3658 3024 2697 2944 36 3304 1664 106 891 2679 1845 95 294 188 4872 1365 1365 6164 1961 2040 544 92 738 468 765 1633 2115 6390 5360 4620 1476 2538 324 5590 1720 4256 3285 3420 790 144 7820 504 2233 1377 3996 5848 3948 893 3180 3040 6699 1073 1500 1316 8099 165 280 7830 175 3192 504 6958 1326 165 7392 852 1729 4941 640 1782 3400 1560 4094 1122 55 903 1870 0 952 414 0 98 7350 700 3645 1584 5022 1360 216 1862 414 612 1760 0 84
888 870 2576 3819 336 4278 3492 1566 3082 134 616 4576 1166 1089 423 3735 235 49 7708 1131 364 1430 8648 1060 68 1428 156 1517 648 477 2116 4512 2911 3040 3564 756 5546 2754 1755 1080 3920 2774 3015 930 48 2576 196 1421 1785 540 1020 3864 1596 540 6080 7395 1334 2150 2072 1638 528 264 1350 1435 4788 1176 4402 5304 264 3608 6745 1805 4880 240 3240 6970 2580 6052 5478 341 1333 3332 1219 938 2760 0 53 450 4100 2187 432 1922 3910 728 1176 207 1088 1740 0 2492
1036 710 2016 4020 1032 4712 1512 2349 4416 156 3584 4108 4028 3861 2209 1620 395 364 8836 5307 2821 1235 4048 4081 4216 1173 64 1107 72 504 1564 4136 1917 320 3234 2340 3008 2322 2990 3200 4088 803 2700 500 1200 5428 266 841 561 1782 2924 3948 76 2340 2280 1566 1740 2800 2716 6188 704 260 810 1505 5796 3248 4260 78 583 5192 2414 513 1342 736 2349 2040 300 1691 3564 748 172 1666 3286 840 1840 0 79 75 4750 6156 1242 682 3570 240 343 4347 680 1340 0 2632
2886 510 4088 0 1164 124 900 58 3358 62 1232 4056 4240 3564 1786 900 115 119 1974 6090 4186 2795 3036 2120 1700 680 6 2706 540 180 276 1786 1633 6800 2574 720 3666 864 4810 480 2632 7008 4050 270 2040 7452 693 1740 2550 3942 2040 4032 1292 900 3420 8091 1624 4600 308 6188 704 92 5220 3080 672 2744 568 7722 715 3080 4544 228 5063 864 7371 5780 5220 3827 1848 418 688 340 1802 504 1196 0 81 2550 750 7533 36 4898 1360 480 3283 5313 1054 560 0 756
2331 400 2240 6566 564 1922 2412 986 3404 190 1344 2184 3074 5841 1410 3780 170 84 1692 4263 5187 4680 7360 3869 5712 0 4 1886 720 279 1702 4465 1633 5280 6138 792 9118 3240 3705 960 448 5913 810 660 2208 4508 14 754 663 3888 1836 2940 836 3600 9025 2436 1740 2500 756 3640 891 212 7830 140 1596 4480 1917 5304 1023 3168 3124 1007 4209 1008 5751 1190 3840 6497 6072 319 1935 680 2703 574 3680 0 21 6900 2400 3888 1512 1798 85 568 4214 4968 51 1300 0 2688
1961 850 2744 4958 0 4464 3168 1856 2070 162 5208 2184 2809 9504 3901 3825 475 399 7238 3741 455 3965 2300 3127 5712 1071 62 3567 252 216 828 1551 710 2960 462 360 940 5184 1755 280 1624 5256 90 340 1656 3404 133 1856 4794 2592 476 2184 1159 1920 1045 3915 2755 4700 2352 6825 209 80 720 1015 4872 3808 6461 1560 704 1584 1917 855 5551 464 6399 1020 4020 4450 5016 671 4214 2822 3445 826 3128 0 4 1125 1150 3240 774 2604 5185 24 1127 1311 1207 1320 0 2436
3145 180 1792 1876 576 3906 1440 1943 598 136 4480 3276 159 4554 1034 3195 370 546 3666 8439 1729 5330 3588 1696 2516 238 102 369 729 378 2208 846 852 6480 6468 432 4136 4860 5135 400 3248 876 1125 130 240 4416 595 2436 3978 4104 5576 2058 190 4380 7695 4089 1160 4200 1568 6643 858 212 8190 3185 7224 2296 213 6396 341 3080 3124 779 2867 1120 4374 4845 4200 8099 6138 528 817 2550 5194 406 46 0 77 6975 800 6885 1188 5828 7650 456 4165 5244 850 1780 0 924
2812 30 1456 1541 876 1984 1152 1247 1104 50 2464 2236 2809 9306 1175 270 125 378 9306 3567 3549 4225 3312 1590 5032 357 116 984 558 621 207 1786 5183 2800 858 3528 6298 2430 6110 1720 1288 6570 3915 280 2016 5888 238 261 918 4590 3468 2394 38 5220 3705 6612 1740 4900 1456 2093 209 244 5490 3220 4032 4200 3053 1170 792 7832 4189 893 4819 1568 6075 1275 3720 5429 1584 352 1978 918 4717 672 3036 0 76 2025 1550 6480 900 3100 7905 504 4655 2829 1530 1800 0 420
2923 680 3472 670 216 5580 900 2320 2346 2 672 5096 4293 5247 4606 2115 430 189 6956 1479 637 4940 1840 53 6256 255 188 3362 45 27 1127 1692 1633 960 6468 1476 188 4050 4745 200 1568 2701 135 90 2184 4968 399 2233 4131 4482 3196 1680 1140 4020 8835 4524 986 2000 2408 8281 473 144 2430 2345 0 1400 4260 4212 572 2992 4189 1520 4331 240 7290 1190 1260 8811 2904 594 3526 3094 4982 588 460 0 46 3300 4000 6885 630 4650 6205 112 2058 5037 1547 1100 0 1204
3293 380 1288 4020 636 4030 972 754 2944 142 4480 2444 3286 7425 1927 3240 335 280 6392 4089 2275 195 2024 5194 4692 289 46 2460 648 18 1265 611 2840 6240 1650 1656 9024 2808 4680 2400 1288 3869 315 370 1920 92 427 1363 2091 1566 3128 2772 1596 1200 1520 4611 2581 1950 1820 1183 451 80 2340 2835 4284 224 5609 3666 616 4576 497 608 3477 1072 5589 7565 4080 2759 2376 99 2580 1156 1431 1358 2484 0 50 3300 4100 5508 1026 1426 7480 288 2744 6279 680 720 0 2688
1480 980 1568 6499 780 3100 1368 957 3726 52 5264 4836 3180 2079 4230 2970 320 651 940 8526 5551 1300 1932 53 544 493 186 1968 585 279 2208 2679 2059 6160 396 1656 2538 2376 2015 2400 3920 1825 2385 300 2352 4048 343 406 4539 594 816 2100 589 5100 285 3393 435 4800 1092 2912 880 144 3780 2135 1092 2688 568 7176 1023 8008 3692 285 1037 80 7938 5695 60 4183 2244 990 2494 1564 4876 588 3864 0 33 3825 2200 5913 630 1488 765 616 4214 5106 442 920 0 1988
3293 180 4816 3886 276 2232 936 2233 3818 120 3752 4888 3074 1188 1692 1890 40 483 4230 4524 3822 5265 2668 159 3944 1139 154 1476 585 855 161 2538 923 3680 858 3204 7708 2106 4290 720 2856 6205 540 90 1176 0 28 1653 3519 2646 4216 2688 570 5460 1805 3567 290 2450 2156 6825 484 148 2610 350 2940 2352 7029 5382 363 1496 6177 1596 3294 816 3726 340 3060 4450 858 803 2193 2550 1961 476 828 0 75 2100 250 324 54 124 3485 680 588 5244 459 220 0 364
2960 850 5432 5762 1068 5890 3240 1160 2070 112 728 5044 4399 198 1457 90 295 406 7708 1392 5642 2470 1656 212 1564 510 64 82 837 738 345 1175 4828 5200 4224 2052 5640 324 3185 240 3472 1095 2475 460 408 3496 0 2204 4896 4428 3060 420 380 900 6270 3741 2842 2550 1288 3913 363 244 1890 35 6552 4760 710 3042 1001 1056 6887 1026 1647 832 0 3740 2520 0 4818 990 1462 2380 0 770 3910 0 50 6225 900 7776 1422 3162 850 0 245 6072 1445 1340 0 2128
2923 760 4592 3886 336 2108 108 638 3956 56 672 1092 5194 1287 3572 1575 400 546 6674 8526 6825 3250 92 1961 3400 102 154 3567 234 513 345 235 2343 7840 1056 504 3008 1026 2340 760 5544 3577 4140 490 1488 1840 588 2726 4998 2970 2992 1050 1083 2700 5890 609 116 4600 1288 2730 539 248 7830 1190 5040 168 3408 3432 814 3256 1065 1387 2318 112 1782 4420 1620 5251 3036 286 602 1428 2703 336 4002 0 83 3225 2900 2430 1314 3658 7820 104 4557 276 272 1880 0 2548
1147 160 896 4623 276 5642 2628 87 2300 38 4536 832 689 8316 1880 0 250 168 9024 5220 4914 1365 1748 5194 2312 1105 4 2091 531 18 2162 1974 1278 800 4158 3384 4982 1944 6305 120 392 5694 900 200 1488 1104 504 1885 1836 3672 1700 1764 798 5820 3800 6612 1798 4700 2212 6643 1067 100 6030 2345 7392 1680 4331 3198 198 880 3195 475 2440 272 7857 255 1740 6141 1320 726 3870 3298 424 448 2116 0 60 4500 4750 3240 594 2728 1445 0 588 345 1394 500 0 0
1332 440 4312 5092 732 4588 1116 2610 2024 6 448 4472 53 6831 846 4455 350 546 5640 5655 6370 2925 920 4664 3128 374 90 3280 891 828 1863 4089 6248 800 1056 1764 7990 2538 5980 3240 168 3796 3015 560 504 3404 385 2639 765 810 3876 1596 1159 4020 7410 5133 1189 1150 1092 8372 748 288 7200 1960 2940 5376 4118 1560 1045 176 71 1862 3294 320 4374 6460 3420 5518 4422 792 3311 2584 3286 1260 4370 0 1 6600 800 7533 1458 5208 5525 488 4508 0 969 40 0 112
148 250 168 3953 540 558 3132 58 3266 108 1512 52 4399 4059 2021 3510 410 315 6298 4350 3458 3120 3128 2915 4148 1326 16 2870 729 720 1702 1739 426 2320 6336 108 3666 1890 3770 2480 5040 6205 675 250 624 5428 21 1740 204 1188 680 1764 1330 5760 9215 7221 783 250 1484 728 418 112 4050 3360 756 5264 7029 3744 319 5016 4473 1349 5734 1248 7776 6205 5340 4628 2178 1023 3182 3264 4611 1358 2024 0 80 5325 4700 2754 1422 1984 1190 616 1372 1587 391 1600 0 112
3293 870 4256 5628 204 1488 2052 203 3496 84 2912 156 4770 3960 0 1575 385 560 564 6177 6006 2470 5152 4240 4556 612 112 3690 612 720 2162 2726 1349 1760 6204 3168 4418 162 6175 3000 5432 0 3510 880 2208 2760 161 2001 3213 4374 6256 1218 361 0 950 7482 2581 3300 784 5187 1078 92 1350 595 8148 3416 355 7488 704 4664 5112 1178 305 32 4050 8245 5100 2225 1188 528 258 2108 4081 1092 2898 0 16 3900 2850 3645 1098 3410 1700 616 1176 1173 1530 1640 0 1540
3219 380 952 6164 1104 1178 1476 2233 4416 118 1400 104 3869 5445 1504 1620 470 343 3760 348 8554 130 5428 742 2108 612 166 861 630 873 644 2679 6177 7760 66 2880 6392 5076 3705 2560 2968 2555 855 260 2160 4692 105 1044 2652 378 2720 1932 1159 3120 1140 3828 2552 4800 504 910 495 184 1710 1155 8064 1120 4615 4992 726 1936 2059 361 549 768 7857 4335 3060 5696 5808 44 3096 952 106 1190 1472 0 30 5400 3150 3888 1476 3720 3910 8 2205 2898 1241 200 0 1092
3145 360 560 6298 432 3720 1656 1131 1104 172 2408 2496 3498 9702 1598 4455 65 112 6674 2436 5824 390 8096 530 476 578 10 1353 396 108 1656 3807 0 2800 5016 3168 8930 3996 1755 2840 3360 1679 900 260 1752 552 175 2494 1122 2646 4488 1596 1045 360 0 1218 2668 250 1316 8099 759 288 6300 735 588 2576 639 4212 220 7832 1775 608 3904 1552 4779 3145 3300 7476 4950 319 1419 3162 3551 560 4554 0 55 6900 1250 162 594 2914 2210 24 3332 2277 34 600 0 2072
703 170 392 2345 168 4092 2592 638 92 198 2856 4576 4876 7029 1316 4095 455 245 3290 5916 3458 4420 1380 3392 4896 612 100 1066 594 369 0 1739 4118 560 4752 900 2350 2376 3055 1120 2408 3650 720 350 504 8832 546 348 1632 756 5508 924 646 2880 3610 5046 2436 2000 2352 182 902 340 3510 3220 3696 616 1207 5460 77 1408 6958 38 4087 1056 7209 3400 840 6052 3498 506 1462 2924 1060 952 3956 0 27 1725 2550 5103 450 2046 4080 520 1274 6417 1292 1900 0 2352
2368 130 2128 2077 948 1736 2556 1305 4416 152 2464 1560 742 6336 2350 2385 375 203 7144 2349 8463 3445 1104 4929 1224 1530 172 1927 774 9 1909 2350 994 1680 2178 1620 4606 3024 2795 1800 4760 6351 1215 510 1224 2760 28 2291 561 1728 3944 168 1634 4200 4750 348 1769 1800 84 9009 990 344 90 1960 672 4816 3834 702 1034 8536 497 1501 5124 1376 6723 7395 960 3471 1188 308 3096 2584 4452 812 2162 0 14 4500 1150 5670 198 4030 4760 512 1029 1104 34 540 0 2688
2812 850 1568 804 852 682 0 1160 92 140 1120 3848 2491 396 3948 2070 455 357 564 5742 1911 4485 2852 1537 2244 68 92 1435 288 216 1909 376 639 880 1386 1152 6956 3942 4680 3080 2408 6716 135 420 2328 8096 616 1160 4641 5076 408 504 285 5340 3895 4176 2697 1950 980 7007 165 76 7740 2660 6888 3304 639 4446 924 7128 6106 513 1586 1424 1782 6375 4620 890 990 748 2451 2482 1696 1008 2852 0 73 525 850 648 1530 2046 6715 184 2989 966 1394 1400 0 1848
148 90 2520 2010 1176 4154 180 812 3588 144 2688 4524 2385 8019 2773 2655 295 588 6204 6612 4095 3315 828 1272 5032 1207 76 2296 837 549 1702 2303 4970 5760 5214 756 8554 1944 3185 840 448 7081 360 50 720 6256 448 2581 2652 1674 4488 4074 1558 1620 7030 783 1450 3200 476 8736 858 368 4050 0 1344 1400 1491 546 143 1936 2059 1406 1220 592 6399 170 3420 8544 6072 682 1161 1972 3127 854 1702 0 70 6600 100 3240 1512 4960 2720 232 3920 0 102 1080 0 2016
2812 360 2576 3216 888 4774 1836 899 3358 190 5208 0 265 495 658 1890 210 252 7708 3828 6916 1170 2208 3180 0 969 120 246 99 612 690 1833 3976 6080 5808 1080 5076 4914 910 1080 2128 4307 3600 430 384 4232 595 1711 4182 1080 204 462 722 4800 6745 3306 2581 4200 2716 0 44 108 8190 2100 336 1736 6461 780 814 5016 6319 228 976 1104 4455 7225 900 8277 2904 550 559 3366 3233 42 1426 0 42 1500 3400 7371 1296 4464 1530 128 1617 5106 799 1520 0 616
1221 260 1904 67 1140 2604 3096 1827 4002 164 728 0 1802 7326 2585 765 290 343 3572 2349 3640 4030 4692 3127 5304 1428 170 3198 540 198 0 2115 3408 6880 3102 3420 7520 4590 3770 2680 1120 1679 855 60 2328 6900 161 232 1224 702 5916 2730 1444 2280 7220 522 667 650 2352 3185 385 144 7290 1225 6300 4480 2201 4290 187 3608 1633 703 3965 1504 7695 5270 4140 1691 1452 506 1376 306 3339 840 2208 0 67 1725 2600 243 1044 2480 3400 312 3675 4623 323 120 0 1036
1776 970 1456 4355 528 1364 972 377 4278 4 616 1300 583 7326 1786 495 65 399 3196 1566 1092 6045 920 212 5712 1445 142 2296 396 414 2139 2068 3053 5680 594 1404 4230 4752 3445 1520 5040 4672 720 540 2184 4968 455 116 3213 0 5032 3150 855 5040 7600 2523 638 2550 2380 6006 1067 120 5580 3255 4536 3976 2272 7722 121 3256 2698 38 3294 96 648 3825 720 6497 66 825 1075 952 106 980 2944 0 0 6450 4300 2997 72 2170 5780 528 3920 1518 1513 1300 0 28
1998 630 3080 536 828 3906 180 2349 4048 118 448 728 2067 6237 3948 135 225 252 8460 7221 6734 2990 6532 4982 884 867 136 2214 612 837 1265 1081 4047 4960 5478 2808 7238 2214 780 2640 0 1460 3600 390 1992 1472 658 2349 255 4536 1088 3318 589 5220 2375 8352 2639 2250 1400 5369 418 232 7380 3325 6048 3696 5254 3900 77 7568 4828 1121 3538 0 4050 7990 960 3916 1782 803 3483 1462 2756 896 1426 0 12 1650 3700 5022 1458 806 6120 128 392 3105 578 680 0 2604
2664 150 2912 2077 180 3348 2772 2407 4508 8 3192 1612 2491 6039 4465 1350 455 413 376 1479 2002 2470 2760 2438 3672 1547 86 1640 693 810 759 2350 355 2960 2178 2592 8554 540 520 1640 3696 1241 1125 650 720 6624 672 2117 1632 0 6188 252 1710 4380 4940 8352 1856 4800 1008 8554 946 276 3960 1540 504 1624 4828 3822 429 2464 3053 95 2745 1088 5670 2380 5520 1602 66 264 3053 3128 1590 854 828 0 58 2550 1550 7614 504 1054 1360 576 637 5106 901 680 0 2576
2294 710 2744 4020 1092 4464 3168 2407 1932 178 448 676 1802 3762 1269 180 365 259 3572 348 7553 4355 6808 2703 6188 663 52 1845 657 486 2047 1692 1775 7280 6336 576 5922 1944 6435 2280 4312 511 1035 110 2352 4600 105 2059 1989 324 1904 924 1387 3240 2470 1392 2697 2600 1708 6097 66 12 270 1085 7896 2856 3337 702 429 8624 4686 304 366 1424 6480 4760 5460 4183 5214 902 2279 238 3021 1092 2806 0 95 4125 4350 648 1332 5766 935 232 3724 345 1360 1500 0 1988
2701 330 4872 2077 888 1178 3132 522 3082 134 2912 3744 3922 891 2397 3960 460 686 8930 6873 546 4485 2208 954 6664 884 150 1230 243 378 23 47 1917 3200 5544 1908 5640 3888 1495 3160 2184 5548 2295 650 2040 4968 35 870 2652 0 4148 2478 1311 2280 2755 5829 2610 2800 1372 1638 550 200 6390 2695 7644 3080 5893 234 869 528 5822 1330 5002 528 7128 1700 5280 8277 132 1012 1978 2142 2703 938 46 0 35 3300 4450 2916 1116 2418 7395 680 3381 2070 1564 1040 0 2016
370 150 5264 3015 0 5084 612 1160 1288 38 1848 3848 1802 3564 1927 3960 345 196 3008 870 5915 2990 92 212 2108 1190 68 3075 666 171 1081 3995 2414 7520 5412 3096 7144 5346 1755 160 1008 876 1350 40 0 6624 644 2001 2652 4104 2108 714 418 1980 1995 435 1595 350 2268 2730 286 320 6030 420 6216 2744 7029 3978 0 6864 497 342 2562 608 5994 3570 3720 5963 4224 154 1849 3230 4452 924 3680 0 23 2700 3250 324 324 2666 7225 680 2744 759 1462 140 0 2408
1369 220 3136 5293 144 1860 756 2146 2254 74 2240 4836 4505 2376 517 2925 410 602 4982 8613 8281 4615 3864 1484 544 1666 78 1886 513 486 1932 4418 1988 7360 4818 1440 2162 2538 4290 960 2016 438 765 210 744 7360 273 1885 3417 4968 4352 420 304 360 8550 6612 1653 1450 2100 6006 385 236 5490 525 4368 4816 3905 2106 935 6424 3621 418 4880 336 3483 5355 3180 3026 1848 792 3397 3128 1802 1330 2300 0 23 4425 300 7938 468 2542 850 696 2793 966 425 1280 0 308
1406 440 1848 1206 780 1736 1188 2059 2898 122 2408 4888 265 7722 4183 315 10 448 6298 5220 1365 2925 184 4081 5712 187 182 369 675 756 1656 3055 1988 400 2310 1656 8084 3672 1105 40 1624 876 4275 860 1008 3312 658 2813 2652 702 3876 2814 1102 3540 4180 3654 638 1750 84 8918 781 304 1350 0 2772 2856 3266 1482 209 1320 5112 19 4819 1072 7047 1870 3300 2937 1254 88 1978 2584 3975 56 4048 0 98 750 2950 4374 1080 1922 2550 608 1519 4347 459 580 0 2744
3552 70 5544 5025 324 5394 3492 2378 920 136 5040 3484 5141 1782 1081 3825 450 518 4418 4263 2548 3900 2944 530 5984 255 50 615 864 540 1495 4324 1420 5200 1320 1692 4888 918 5265 960 2128 1752 1935 350 1008 1748 140 2436 4743 1026 5780 3066 1501 1080 7885 5829 957 400 952 2730 231 0 1980 1435 5460 5264 2840 5382 704 6424 6603 38 5917 1424 2997 7735 480 801 4950 11 3440 2074 1378 840 3634 0 79 4800 3450 1134 1692 5580 5610 552 4067 5727 1071 1500 0 756
1813 970 4536 6566 1032 1116 3240 2726 3634 130 2632 3120 4134 7227 940 2565 410 357 2068 348 5915 4420 8648 4399 2516 510 132 2173 45 630 736 282 4828 1120 330 216 7896 5130 65 2560 672 0 1080 910 1776 8832 0 232 2397 3996 816 2730 817 3540 4560 2784 1189 3350 1036 8918 407 280 450 1995 7056 560 4544 5304 627 1496 5964 1311 1037 128 972 3655 3360 1157 3432 616 3741 544 1113 420 1242 0 15 1500 4400 4212 342 4836 1870 192 1715 4002 1462 1980 0 1204
592 110 3584 5762 864 4774 1044 812 4140 66 2016 4004 106 5643 2820 3645 155 525 188 6177 2457 1365 4508 2650 6596 1445 120 3403 324 783 598 235 3621 7200 6006 2700 1786 1080 3575 360 336 6716 1755 80 24 9108 623 928 3774 4914 3808 2226 1216 300 5225 5307 1218 800 1232 2821 605 88 3240 210 5460 1512 2343 6552 1089 7832 3266 1083 4941 1360 5265 6970 5040 623 4422 110 4214 782 795 210 3680 0 76 5625 1950 5913 108 5828 8075 336 2597 828 357 1720 0 2016
999 950 1680 536 960 2914 1548 464 2484 20 4368 260 4505 9207 940 2925 80 336 8648 609 1911 6370 4968 3657 6256 119 162 2665 405 270 874 3431 1775 1600 5346 2052 1786 4104 4745 2960 2128 219 1395 230 1176 276 287 493 2601 1782 1700 3066 608 4740 3990 6612 1102 1150 1176 7553 66 128 720 1085 336 2352 2911 1794 198 1232 3479 1083 4270 512 6480 1615 2100 6497 5808 957 301 2210 3180 1274 2024 0 67 2550 3850 4941 324 2170 3825 208 3283 3381 340 160 0 1092
2738 740 5376 6432 708 1736 2412 2726 2484 112 4536 3172 1113 9207 188 810 235 161 4888 6699 7735 1430 1104 1590 68 1343 64 861 351 513 1380 3102 5893 640 4092 1512 8366 1620 2405 1720 4816 5110 2520 590 1536 1104 539 319 1785 1620 5984 3024 76 60 5225 435 928 4350 756 2184 484 156 8100 2765 4032 2912 5254 6942 902 968 5964 380 2013 640 6480 8245 3120 801 4026 429 3913 1666 636 1344 92 0 1 2625 2700 6480 198 3100 1700 8 3969 1380 901 1100 0 2464
666 930 3360 3484 1020 5704 1764 2581 2484 124 1568 2340 636 3960 1927 2970 35 665 4982 1131 6825 4160 1380 2491 4420 1649 38 2911 468 252 253 3337 5183 5680 1518 360 1504 1296 6435 2800 4872 5840 675 510 480 828 119 2320 2856 1242 3060 3486 1653 3660 2945 4611 1682 2500 2128 910 341 348 2970 1960 840 448 1349 2028 363 6160 3408 1368 3050 256 1863 1955 1500 8188 3630 891 645 0 3392 770 598 0 60 1725 2500 2916 1548 2046 6375 152 4361 5865 476 160 0 364
1147 640 4760 5427 960 3720 144 145 184 22 2128 1040 636 5445 1269 3465 10 609 94 4524 2093 5655 7820 5194 408 459 70 3526 783 459 2277 846 1136 2880 3432 3456 9024 432 3510 40 1120 6716 3285 840 2376 0 427 58 1989 3348 408 2604 931 2640 1140 696 667 2350 2632 5642 1089 376 2970 2345 2520 4760 4473 6162 1023 6072 2272 247 854 912 7857 1105 540 979 4422 528 3139 2516 530 1050 3220 0 83 3375 1050 2349 126 4464 6375 320 1911 414 1309 1100 0 1988
888 690 2016 2546 936 5332 144 2523 4462 142 1960 1144 5141 9603 4559 3015 355 224 6016 3828 5642 1560 6348 4717 4352 136 190 1722 135 756 1495 4324 355 80 5412 2988 8178 4644 4550 1440 3248 4161 2655 550 1296 736 525 2233 4743 2106 1496 2310 285 5460 9120 6960 1479 4600 2072 1729 308 156 990 1190 7728 2520 1207 6240 352 3520 4828 1710 5917 432 7857 340 2160 6408 2178 319 2752 238 1908 1106 4508 0 11 150 3800 2997 1314 310 6460 288 4459 1449 1377 160 0 364
1776 210 3080 3082 588 310 72 1073 1334 70 1008 4836 2279 594 1175 4185 450 616 4418 5829 2366 1300 2208 2862 3808 255 54 3690 675 720 1265 1128 142 880 1452 1836 1504 4104 2600 1800 616 4234 4095 60 384 6256 0 174 408 5346 1700 3612 380 2940 8835 2436 464 1000 1960 4004 11 104 6120 105 7476 2352 426 4446 770 8624 3834 1539 488 720 3240 2040 3900 3560 1980 286 1677 1904 636 154 2622 0 92 1950 3900 5022 1260 4898 3400 720 1666 2001 544 800 0 56
1406 410 1960 6566 456 4650 792 1624 3082 104 4592 3068 3180 4554 3290 3150 260 98 9024 2610 2639 4290 5612 3657 3808 1615 198 1640 783 333 2162 3619 5538 2320 4950 2484 5358 5238 1625 960 56 511 3735 620 120 552 224 261 3672 4320 6188 42 874 3120 6745 4698 1363 1100 2632 3094 649 352 990 1330 5796 2128 4189 2028 385 7392 213 703 2623 1376 4131 4080 2640 3115 3828 187 645 1666 954 854 2484 0 15 3975 3150 4941 1584 1426 4165 408 637 1242 1530 1440 0 2156
296 0 784 3417 456 1054 1836 2407 2392 122 2912 3484 583 6930 3760 765 320 329 6580 2349 728 650 184 477 4216 1139 160 164 351 693 759 4653 2059 0 3300 2412 1598 2916 130 880 840 3942 1845 780 1848 2024 665 1189 1071 3564 1360 3444 1444 1380 4085 7830 2610 1150 1288 7462 572 320 7290 2835 6720 4704 71 7566 418 264 5041 1007 610 208 2592 7395 5220 2403 1848 660 3999 1632 2226 308 1058 0 12 1050 3050 4779 864 868 3315 232 2303 4899 221 960 0 1428
148 920 3192 938 60 5518 36 2668 3128 162 2912 728 4293 4653 1692 225 425 0 6674 4002 5369 1235 5520 2650 3264 1020 42 574 72 378 391 564 6106 5920 5148 3276 1410 4266 2275 1440 672 2847 2250 940 912 3496 693 667 1938 1188 4760 2100 779 4920 4940 3567 1218 1300 196 4641 220 100 1350 210 8316 5264 6887 5226 275 7392 213 722 4575 848 2592 1190 2580 7387 2442 363 215 238 1855 1372 4140 0 91 2400 700 8019 630 5332 2040 24 4508 5175 1649 820 0 2072
925 970 672 0 24 2728 504 1305 3634 8 1736 1872 583 6534 1598 2385 270 182 3572 1740 7007 1625 552 53 1904 850 56 3157 819 207 1196 3196 1420 5120 4554 828 5734 1890 1300 1600 5096 3723 3465 550 432 5796 56 696 2091 5292 6596 756 456 3300 6745 4524 174 0 840 4459 253 328 1620 3325 8232 2184 4970 4602 286 8008 3692 342 5734 1296 5913 5440 2640 2937 5874 946 1376 1292 2968 112 4278 0 12 3825 4000 3402 18 3410 6460 152 2450 1863 170 420 0 1008
2368 380 3024 670 228 4898 2700 464 2990 32 3024 5044 2862 990 2679 4455 450 483 4794 6090 5824 3380 2300 4876 1564 476 38 1353 9 54 483 799 6816 2240 1782 2448 658 2916 5460 2880 3920 6570 945 760 0 7176 196 2639 0 4266 884 2688 1577 5460 760 5046 551 1400 1204 1820 946 256 8010 2870 7728 896 142 0 781 3344 1704 1767 1708 1568 1782 2465 4560 4450 4752 308 3483 1258 2332 896 1288 0 74 7425 4050 1377 1278 4154 6885 480 49 5106 1309 1120 0 0
3478 20 2520 1541 0 1178 1872 841 3174 152 3192 104 689 198 3102 4230 275 644 8742 7656 819 4225 644 4823 5236 1020 34 2214 144 387 138 517 3195 320 2244 3528 2162 2052 1755 3720 3696 6132 2115 310 912 1288 175 1305 2958 3834 2244 2856 1672 5520 5605 5655 1537 3800 2016 1911 781 120 2880 2380 2856 1008 4686 4524 88 8184 213 1406 1830 800 486 5780 960 7387 924 825 2322 3366 2279 588 4232 0 60 7275 4100 2592 324 310 5270 24 3577 6693 357 1840 0 840
Count time: 180.000000 ms
Count of digits: 0 ms
